81.885
81.484
81.129
80.822
80.562
80.351
80.189
80.077
80.014
80.014
80.077
80.189
80.351
80.562
80.822
81.129
81.484
81.885
82.331
82.821
83.355
83.930
84.545
85.198
85.889
86.615
87.375
88.166
88.986
89.834
90.708
91.605
92.522
93.459
94.412
95.378
96.357
97.344
98.338
99.336
100.336
101.335
102.331
103.321
104.302
105.273
106.231
107.173
108.097
109.001
109.882
110.739
111.569
112.370
113.140
113.877
114.579
115.245
115.873
116.462
117.009
117.513
117.974
118.390
118.760
119.083
119.358
119.585
119.763
119.892
119.971
120.000
119.991
119.833
119.477
118.926
118.186
117.264
116.170
114.914
113.509
111.969
110.310
108.548
106.700
104.785
102.822
100.000
101
101.9
102.7
103.4
104
104.5
104.9
105.3
105.5
105.399
105.110
104.766
104.370
103.922
103.426
102.882
102.295
101.665
100.997
100.293
99.556
98.790
97.998
97.183
96.349
95.501
94.641
93.774
92.904
92.034
91.168
90.310
89.465
88.635
87.825
87.038
86.278
85.548
84.852
84.192
83.572
82.994
82.460
81.975
81.538
81.153
80.821
80.544
80.323
80.159
80.052
80.003
80.013
80.081
80.207
80.390
80.630
80.925
81.275
81.677
82.130
82.600